BEST_ANGLE=90 SCORE=416 SIZE=(1080, 810)

    61    125 0.06 equprent MeM
    63    391 0.49 Lile In
    65    231 0.73 Depanent
    65    287 0.20 Abs0t
    65    435 0.73 Tag Number
    65    603 0.85 Data
    65    777 0.44 Acc Dop
    67    515 0.24 Dale Df
    67    905 0.26 equipine
    67    963 0.11 Remark
    69    719 0.14 Racoey
    73    673 0.99 Cost
    75    287 0.22 Nutabar
    75    335 0.34 Descfptlon
    76    604 0.21 Fleetd (n
    77    391 0.44 Henths
    77    473 0.12 ne,}
    77    827 0.29 Boot
    79    515 0.58 Purchasa
    79    867 0.44 Depm
    79    905 0.15 qutua
    80    440 0.02 chctarL
    92    606 0.24 Snicl
    95    228 0.03 6ks ]
    96    164 0.13 Equipitents0
    99    337 0.16 Hz '
   105    289 0.23 64
   110    599 0.08 24(2
   115    335 0.10 Jvde
   127    229 0.09 4t2
   128    334 0.01 KEpaa
   131    513 0.15 Kablt
   142    336 0.02 tte
   153    971 0.40 EaT
   157    160 0.02 artent s=
   161    898 0.01 1om -
   166    334 0.09 07"7
   167    986 0.12 Aicata
   167    231 0.11 IL
   170    122 0.00 Ii0p0
   171    289 0.12 02
   189    349 0.55 F
   219    223 0.09 Lana]
   226    330 0.25 fate
   228    979 0.08 4t2
   229    287 0.61 0 2
   230    122 0.03 3216
   238    336 0.19 440<
   249    225 0.04 Fbrz
   260    142 0.22 78
   269    225 0.41 0" D.p
   271    289 0.94 02
   272    332 0.04 Lin Run{
   284    334 0.01 4A
   304    172 0.23 Dressing
   306    126 0.00 Sta=
   311    227 0.59 WA
   317    285 0.29 24
   319    329 0.28 Kteh
   321    599 0.12 244ke
   331    227 0.02 EpD
   334    330 0.10 VC
   341    151 0.25 5
   345    171 0.30 Deek
   353    227 0.43 0PA
   381    332 0.02 JiuD |
   385    117 0.02 Enan $  Suliz
   391    223 0.04 J 2
   416    334 0.08 Mad '
   422    130 0.08 ee Hend
   429    215 0.02 TTa {8a46i
   431    329 0.30 pku te
   433    279 0.82 02
   462    334 0.05 fad
   483    124 0.03 RapaenHan
   493    219 0.48 (Po
   498    322 0.36 Mana
   523    321 0.30 Ll
   535    213 0.16 Lie
   543    973 0.14 TT+
   561    319 0.05 MNehlc
   681     87 0.12 8ed Redurc Faler
   689    205 0.12 1P +
   693    311 0.14 Ctali
   696    108 0.05 Nalm2es
   734    340 0.27 P $
   742    398 0.13 {mreruge fid ~
   744    560 0.09 Dahe|
   745    639 0.16 Newsstnt r '
