BEST_ANGLE=90 SCORE=418 SIZE=(1080, 810)

    33    419 0.43 Tag Numbor
    34    122 0.03 celpinatia
    37    497 0.47 Data
    45    323 0.26 Deteripbod
    45    375 0.07 Honuia
    45    421 0.05 buarave no,|
    48    278 0.03 Auniore
    49    497 0.30 Pumches
    53    591 1.00 Date
    55    763 0.16 Ncc Dop
    55    889 0.52 Equlpment
    57    707 0.38 Recovery
    57    945 0.34 Remarks
    61    663 0.99 Cost
    65    811 0.75 Book
    66    592 0.04 Pleredan
    67    851 0.90 Dapm
    68    890 0.02 Ferfina
    71    707 0.53 Cost
    72    320 0.05 Auy
    73    223 0.20 Slarah
    73    281 0.35 C
    73    493 0.54 Nf [
    80    592 0.12 Bocice
    91    497 0.09 Kuehr
    94    587 0.16 2J6
   155    111 0.02 Bersd- looe
   161    217 0.15 4fakIl70r
   163    319 0.06 Tl
   174    218 0.22 Tam
   189    965 0.11 LAah
   190    110 0.00 Crbour (15uuTent
   192    336 0.03 SC
   196    214 0.03 Awckarq|
   199    275 0.72 01
   203    319 0.15 Hes
   207    887 0.19 b <
   224    322 0.06 Lolo
   229    125 0.12 #MR,elc
   231    208 0.09 pRe
   239    271 0.28 01
   247    215 0.11 44L
   254    318 0.03 Eeunyr
   269    105 0.16 O
   281    207 0.23 1P 6
   284    146 0.15 inum
   285    267 0.58 09
   286    967 0.14 Lutsb
   293    331 0.06 '6l
   306    326 0.15 Qt?
   321    132 0.04 75 Vanta
   333    207 0.07 Etd
   335    143 0.02 #ae
   343    889 0.24 Aft
   345    333 0.08 44i
   357    311 0.24 Valv? 645
   363    146 0.15 Mrud
   365    891 0.16 7 UJc
   373    209 0.28 J
   375    311 0.03 Mint 6
   377    149 0.04 aaxi sizes
   377    267 0.63 ol
   389    887 0.31 kd
   393    973 0.09 7+
   399    309 0.02 EIDEE
   402     96 0.06 6201
   406    126 0.08 Aipiahe
   409    913 0.37 Kaph
   411    889 0.35 6
   413    200 0.05 makt,l1
   415     99 0.09 Ez
   421    310 0.14 La
   447     97 0.00 Hren (esint
   447    309 0.07 9pcalu
   451    969 0.02 fEkaled
   482     91 0.21 0"
   484    122 0.03 Cenceniee
   489    191 0.04 ptrrtt)
   492    302 0.12 cG neabic
   497    257 0.92 0 (
   516    198 0.18 LL ' 4
   570    965 0.08 644 {
   598     78 0.12 Belen
   602    190 0.28 pKD
   613    249 0.84 OL
   614    294 0.02 Axn[
   627    191 0.10 EPA
   628    884 0.07 kheali ck
   650    295 0.22 ma
   655    891 0.21 Se
   673    889 0.17 fA
