    37    599 0.07 I6
    39    513 0.22 I
    99    571 0.50 6
   141    447 0.11 IM
   149    555 0.28 HHAY
   192    592 0.10 0
   227    643 0.12 0
   229    549 0.42 1
   233    597 0.46 1
   247    447 0.41 h
   279    625 0.68 1
   295    643 0.18 1
   297    595 0.99 2
   305    563 0.52 E
   339    595 0.24 8
   345    627 0.95 2
   363    623 0.43 0
   365    491 0.18 3
   369    451 0.30 J
   385    435 0.14 0
   437    629 0.53 2
   578    214 0.40 lew
   579    739 0.00 
   581     90 0.18 F
   591     73 0.15 8
   609    474 0.38 [
   611    701 0.24 0
   612    526 0.64 1
   612    273 0.24 6
   616    366 0.21 1
   618    157 0.37 0
   622    336 0.24 1
   623    135 0.81 3
   635    607 0.05 D
   641    239 0.14 |
   647    495 0.43 F
   650    702 0.12 1
   653     69 0.31 4
   654    378 0.05 e
   654    538 0.27 6
   656    462 0.16 35
   660    763 0.17 1
   670    661 0.46 0
   675    355 0.39 7
   678     96 0.53 L
   681    163 0.59 X
   685    281 0.22 W
   689    133 0.91 1
   691    483 0.05 {
   691    684 0.82 H
   703     69 0.36 8
   704    712 0.07 I6
   707    353 0.95 4
   707    633 0.60 1
   708    217 0.84 1
   724    302 0.66 {
   727    481 0.28 }
   729    253 0.39 6
   731    338 0.94 {
   732    165 0.58 1
   735    279 0.24 sc
   738    185 0.11 1
   745    743 0.54 1
   761    485 0.20 M
   762    618 0.18 3
   764    338 0.65 [
   776    632 0.15 1
   783    325 0.16 3
   791    253 0.34 3
   798    768 0.60 1
   803    216 0.61 4
   804    666 0.17 0
   807    191 0.24 6
   809    169 0.43 {
   814    256 0.33 1
   817    613 0.54 44
   818    505 0.69 1
   842    492 0.39 6
   846    328 0.30 :
   847    739 0.12 1
   853    359 0.16 L
   854    606 0.17 p
   861    617 0.67 4
   866    685 0.48 1
   867    711 0.12 0
   876    326 0.27 81
   884    268 0.19 [
   887    511 0.11 {
   897    169 0.21 {
   905    639 0.77 1
   909    195 0.97 0
   912    344 0.03 1
   930    741 0.84 1
   932    510 0.31 {
   936    198 0.12 9
   940    256 0.92 {
   941    711 0.12 {
   945    175 0.84 1
   949    279 0.18 8
   950    638 0.41 1
   964    328 0.07 1
   981    701 0.26 1
   984    264 0.10 >
   984    302 0.12 1
   991    283 0.86 1
   992    680 0.05 1
   993    665 0.28 [
  1006    746 0.88 Fl
  1011    301 0.07 X
  1013    349 0.17 {
