BEST_ANGLE=90 SCORE=440 SIZE=(1080, 810)

    51    324 0.08 (Yte In
    53    373 0.93 Tag Kumber
    55    159 0.21 Dopartnont
    56     48 0.01 ma
    56    218 0.01 Aese
    57    457 0.56 Date Of
    58    882 0.21 [Equipmont
    59    565 0.52 Dale
    59    749 0.22 Acc Dep:
    61    945 0.32 Remarts
    63    687 0.42 Reccyey
    65    327 0.97 Months
    65    377 0.61 ongrave no,|
    67    217 0.26 Numnber
    67    269 0.18 Ortcmpton
    67    641 0.82 Cost
    71    457 0.33 Pumchase
    71    567 0.80 Placed In
    71    749 0.56 Coat
    71    801 0.98 Book
    71    845 0.46 Deomn
    73    161 0.26 Hit
    73    885 0.74 status
    77    689 0.68 Cosi
    82    800 0.15 Malug
    84    565 0.21 Senke
    89    266 0.05 VETrr
    91    327 0.22 Mlo,
    92     46 0.07 EEF €d
    94    450 0.55 Inst
    97    885 0.06 pofi=
    99    219 0.62 02
    99    265 0.26 alyuc(
   105    335 0.44 Vadl
   105    563 0.11 1k24
   123    457 0.28 Kzun
   147    895 0.35 keuk
   153     91 0.25 Colcn
   153    152 0.05 PGUH
   155    263 0.22 FRZ
   156     48 0.02 Lrh uor
   163    217 0.16 24
   165    267 0.04 hEaloa
   169    891 0.21 hsolk
   172    158 0.18 uod
   177    262 0.01 Jgurye
   194    888 0.44 C
   198    990 0.01 ~peccb
   200    276 0.20 46hu
   211     65 0.06 Egued
   211    911 0.14 LJe
   269    142 0.19 Eert] 62
   273    260 0.08 Frp
   274     38 0.01 Da
   295    261 0.07 Dmeni
   303    143 0.02 01-d5
   331     51 0.12 7t
   333    143 0.03 Hok Ept
   337    259 0.24 Iakat
   345    887 0.32 Haf~
   362    256 0.04 Ln
   371    265 0.22 antil
   377    893 0.26 Kap f
   401    139 0.14 Amtaka (
   403    257 0.17 Tucd
   405    209 0.12 O2
   419    256 0.34 77n
   420    286 0.01 ACCE
   422   1009 0.50 1
   425    137 0.22 G4
   432    959 0.28 694
   433    265 0.49 Pte
   440     32 0.00 FeLn
   441    201 0.18 Meuable
   455    891 0.11 JAT
   476    890 0.20 LLul
   490    198 0.00 Ank
   496     20 0.00 075[6
   502    128 0.08 Leazty
   509    257 0.12 Kku Kae4
   529    201 0.10 6|
   533    255 0.33 4n
   549    255 0.36 (e
   557     18 0.02 Dosol
   562    961 0.20 Ugtt
   599     17 0.20 Paten Sueen
   605    246 0.29 Hate
   611    195 0.20 04
   613    127 0.05 0y'=5
   623    244 0.19 773,)
   657    257 0.28 Ckan.
   667    129 0.22 E 0
   703      5 0.24 Panent Trclley
   706    181 0.22 61.4
   706    126 0.16 Hid
   728    914 0.00 4TUir
   753    915 0.37 Lut
   756    192 0.00 Ff
