BEST_ANGLE=90 SCORE=291 SIZE=(1080, 810)

    71    257 0.92 Department
    73    311 0.65 Asset
    73    417 0.23 Life In "
    74    479 0.78 Numbar
    85    311 0.78 Number
    85    361 0.85 Daacrlpuon
    87    417 0.60 Months
    87    462 0.16 (enpraye
    89    543 0.92 Dala
    91    503 0.32 no,)
    97    799 0.35 Ac: Dap
    97    921 0.34 Equipmtont
    97    979 0.56 Retarks
    99    540 0.40 Purchu
   102    740 0.49 Cosovsry
   107    697 1.00 Cost
   109    887 0.32 Deprn
   110    922 0.01 Hnntue
   111    799 0.43 Cost
   113    631 0.47 Flaced In
   122    848 0.40 Value
   125    629 0.08 Senice _
   139    631 0.10 sk  24
   157    988 0.20 Kreklj
   162    204 0.10 ENTEasc
   166    174 0.01 Wee"
   169    361 0.08 0J;
   173    259 0.12 B8 D
   173    925 0.06 Vepfc
   175    313 0.54 D
   188    358 0.24 JCAL
   195    937 0.10 P
   200    358 0.09 #xwec
   240    362 0.16 Mnc
   268    924 0.14 hult
   269    990 0.13 ZoK
   298    998 0.14 7kc6
   300    145 0.01 349 Vene Malt
   301    204 0.41 rbu
   304    247 0.08 4467
   309    355 0.44 Hancf
   313    307 0.92 02
   314    166 0.00 Ganaa
   323    923 0.14 0126-
   325    355 0.28 bede
   332    243 0.07 L44"
   347    931 0.14 Lic
   353    249 0.52 Lus
   355    361 0.16 161ha]
   380    146 0.00 Reerc
   406    926 0.18 1f"
   469    633 0.10 23k71
   492    136 0.08 EetO
   529    343 0.11 Sluliy
   565    341 0.03 (4u"
   637    224 0.11 DIEe
   654    330 0.12 Lah
   657    289 0.83 0 3
   667    926 0.12 ha ]
   683    331 0.06 44
   689    229 0.01 Jfk
   689    937 0.23 x
   697    329 0.03 075_
   716    330 0.18 Ceede (
