 229,  35 0.07 Name of Schol_Lo.WA_esk_ESONMAL_Cleeh:
 281,  39 0.44 Dafd
 281,  81 0.15 Faced " Int
 284, 178 0.52 Cost
 283, 257 0.01 Kco
 284, 344 0.05 Kder
 283, 453 0.81 Book
 296, 250 0.25 Cod
 286, 706 0.29 Ramands
 301,  39 0.37 Senice
 307, 345 0.21 Lon
 303, 407 0.64 Valua
 307, 501 0.21 Lem
 322, 666 0.18 tey
 324, 754 0.13 tuyt
 335, 721 0.09 Oo_
 337, 799 0.05 hooe
 349, 672 0.08 [nsoodFapd
 368, 566 0.43 Lndtu
 378, 674 0.15 Itcpd
 387, 763 0.02 2 
 405, 686 0.15 Lpt 
 424, 670 0.17 nney
 431, 727 0.16 G@
 427, 771 0.07 Ix
 431, 815 0.18 @gli
 449, 675 0.09 gnvinhmner T
 490, 566 0.43 Oopel)
 520, 596 0.55 Olor
 522, 707 0.26 seel
 524, 758 0.11 Lharle
 533, 567 0.39 Cak
 556, 670 0.34 hLups_Inthe
 588, 670 0.77 cT Lob
 647, 561 0.28 SOD
 652, 606 0.57 hr
 646, 672 0.33 funthoral
 665, 563 0.07 be
 686,  63 0.11 top
 689, 127 0.28 c6
 685, 705 0.13 0
 688, 728 0.27 hopt In
 695, 675 0.27 Gl
 723, 677 0.74 foJor
 729, 741 0.08 @om
 744, 692 0.21 Zanhyy
 751, 558 0.15 [geed
 783,  64 0.16 fel
 785, 119 0.16 2 6
 780, 560 0.30 Lakh_
 782, 670 0.49 Nakue
 793, 761 0.13 H @
 816, 672 0.11 Sxl_oon
 849, 675 0.10 (0UCAF
 853, 747 0.05 nm
 905,  52 0.84 fal
 911, 679 0.23 fuckonl h
 919, 127 0.20 OG
 921, 565 0.25 O0
 949, 561 0.12 (L
 946, 594 0.22 Ion
 950, 672 0.23 he46
 959, 745 0.22 CO
 993, 681 0.11 4hmn
1024, 560 0.36 G
1046,  52 0.42 fc @
1048, 108 0.29 24
1048, 558 0.20 Koxkhe
1050, 674 0.22 fhoeL
1087, 681 0.10 ILo
1086, 720 0.14 Henloy
1113, 683 0.17 (BU